-0.908345 -0.376496 0.182101
-0.946739 -0.312367 0.0781869
-0.399282 0.868546 0.293603
-0.978611 -0.168631 0.117828
-0.00761148 0.674929 -0.737843
-0.235726 0.295162 -0.925912
-0.258065 0.282238 -0.923983
-0.740989 0.671073 -0.0244056
-0.978917 -0.181319 0.0940444
-0.296477 0.361225 -0.884092
-0.94675 -0.278817 0.161016
-0.135806 -0.618344 0.774085
-0.278456 0.300802 -0.91213
-0.922239 0.288138 0.257784
-0.239072 0.967604 -0.0811608
0.470069 0.338097 -0.815307
-0.263752 0.428342 -0.864267
-0.206675 0.30314 -0.930264
-0.758004 0.628603 -0.174033
-0.348681 0.636754 -0.687725
-0.439225 0.495126 0.749621
-0.239072 0.967604 -0.0811608
-0.259148 0.800843 0.5399
-0.943279 -0.241852 0.227448
0.0407698 0.334773 -0.941416
-0.995472 -0.0361682 -0.0879086
-0.976511 -0.201391 0.076599
-0.94209 -0.32217 0.0931347
-0.967835 -0.24064 0.0734017
-0.965037 -0.237063 0.111827
-0.16207 0.411157 -0.897042
-0.272919 0.311421 -0.910237
0.0302053 0.32436 -0.945451
-0.921409 -0.366118 0.130242
-0.803149 -0.560037 0.20325
-0.941324 -0.266861 -0.206628
-0.987508 -0.152069 0.0412675
-0.917757 -0.381149 0.111571
-0.999494 -0.0173107 -0.0266868
-0.964658 -0.250316 -0.0823205
-0.940796 -0.315333 -0.124371
-0.878058 -0.478468 0.00904024
-0.436078 0.186182 -0.880439
-0.870553 -0.409554 0.272767
-0.34144 0.507223 -0.791292
-0.889502 -0.45171 0.0688715
-0.981163 -0.13628 0.136921
-0.996847 -0.0793492 0.000773837
-0.0660019 0.269652 -0.960693
0.790589 -0.458585 -0.405795
-0.0135011 0.786891 -0.616944
-0.382844 0.274278 -0.882158
-0.331163 -0.306961 -0.892248
-0.202474 0.144832 -0.968518
-0.679987 0.223834 0.698223
-0.206496 0.479126 -0.853111
-0.946169 -0.322969 -0.0213286
-0.950987 -0.301832 -0.0672333
-0.920232 -0.379671 -0.0949881
-0.930148 -0.35403 0.0973993
-0.174655 0.271919 -0.946338
-0.246039 0.361841 -0.899186
-0.966314 -0.248164 0.0682056
-0.955743 -0.292624 -0.030441
-0.792108 -0.582853 0.181239
-0.25838 0.408703 -0.875329
0.46884 0.565164 -0.678807
-0.92271 -0.378657 -0.0722885
-0.177319 0.322684 -0.929749
-0.181698 0.321185 -0.929423
-0.915268 -0.353117 -0.193886
-0.716425 -0.697601 -0.0093954
-0.435175 -0.900069 -0.0223325
-0.546993 0.192791 -0.814635
-0.206784 0.359122 -0.910094
-0.975435 -0.220288 -0.000655043
-0.96316 -0.260732 0.0658894
-0.244984 0.320154 -0.915142
0.0930865 -0.229835 -0.968768
-0.851497 -0.248367 -0.461808
-0.892648 -0.405711 0.196413
-0.160167 0.326936 -0.931375
-0.970351 -0.230578 0.0724791
-0.951346 -0.292599 0.0965757
-0.948948 -0.303619 0.0855167
-0.954317 -0.283455 0.0945097
-0.92385 -0.359443 0.131539
-0.885682 -0.403224 0.230169
-0.258836 -0.123844 -0.957949
-0.968679 -0.00879577 -0.248162
-0.810885 -0.480318 0.334305
-0.989335 -0.140574 -0.0381417
-0.938564 -0.238682 0.249257
-0.969296 0.0766481 0.233647
-0.917101 -0.321785 0.235331
-0.64954 0.00140433 0.760326
-0.973549 -0.227371 0.0224751
-0.816784 -0.567729 -0.102708
-0.968198 -0.24834 -0.0303221
-0.955866 -0.286932 0.0631688
-0.953192 -0.226558 0.200244
-0.971382 -0.23179 0.0518643
-0.956345 -0.291649 0.018595
-0.188425 -0.964529 -0.184877
-0.984275 -0.0466431 -0.170373
-0.97578 -0.21587 0.0354136
-0.92305 -0.330852 -0.196254
-0.947894 -0.281251 -0.149649
-0.959332 -0.282049 0.0114632
-0.817321 0.14343 -0.558046
-0.934134 -0.3201 0.157893
-0.987508 -0.152069 0.0412675
-0.0700232 0.6635 -0.744892
-0.953132 -0.302505 0.00542012
-0.942376 -0.291212 0.164691
-0.846405 -0.483584 0.223035
-0.347391 0.276317 -0.896085
-0.945564 -0.325172 0.0130775
-0.939075 -0.325902 0.10921
-0.925341 -0.374871 0.0567037
-0.204698 0.405811 -0.890739
-0.804757 -0.582117 0.116216
-0.924253 -0.347956 0.157106
-0.951707 -0.297959 0.0739936
-0.964161 -0.263765 -0.0286616
-0.948466 -0.286226 0.135966
-0.34144 0.507223 -0.791292
-0.973846 -0.227002 0.00969609
-0.175649 0.164527 -0.970607
-0.917466 -0.366027 0.155823
-0.155075 0.288003 -0.94499
-0.946748 -0.308282 0.0928972
-0.963462 -0.263666 0.0471248
-0.955208 -0.247134 0.162796
-0.958732 -0.279325 0.053024
-0.949866 -0.305837 0.0649557
-0.956613 -0.291234 -0.00858249
-0.85676 -0.480497 -0.18731
0.059364 -0.0874969 -0.994394
-0.965094 -0.224595 0.134727
-0.962091 -0.25901 0.0854097
-0.955134 -0.284202 0.0833573
-0.945841 -0.310033 0.0962552
-0.22304 0.356111 -0.907435
-0.152181 0.260073 -0.953521
-0.964527 -0.253939 0.0721259
-0.941962 -0.261996 0.209918
-0.122487 0.460557 -0.879138
-0.979699 -0.197264 -0.0357445
-0.969296 0.0766481 0.233647
-0.12603 0.305523 -0.943807
-0.20768 0.297302 -0.931923
-0.956974 -0.289721 0.0161949
-0.95168 -0.307044 0.00534638
-0.940071 -0.293709 -0.173211
-0.0383628 0.272127 -0.961496
-0.650808 0.136713 -0.746833
-0.2102 0.209023 -0.955052
-0.296497 0.212779 -0.931029
-0.951061 -0.297703 0.0828029
-0.24333 0.200993 -0.94889
-0.178277 0.328882 -0.927391
-0.970589 -0.187649 -0.150815
-0.218768 0.512472 -0.830369
-0.947462 -0.317686 -0.0372938
-0.919979 -0.334033 0.205088
-0.0334549 -0.876016 0.48112
-0.120834 0.365878 -0.922785
-0.200691 0.330986 -0.922047
-0.934118 -0.327493 0.142026
-0.94989 -0.312041 0.0183906
-0.930148 -0.35403 0.0973993
-0.932185 -0.361268 0.0227246
-0.947815 -0.302056 0.102022
-0.210359 0.24479 -0.946481
-0.963452 -0.265913 0.0324199
-0.183253 0.30802 -0.933564
-0.966963 -0.202192 0.155245
-0.118126 0.21324 -0.969832
-0.922159 -0.303892 -0.239319
-0.991568 -0.121314 -0.0455535
-0.0486404 0.0229512 -0.998553
-0.952569 -0.289447 0.0939851
-0.956837 -0.271821 0.10284
-0.787857 -0.364559 0.496365
-0.968887 -0.241436 0.0544616
-0.867522 -0.299929 0.396797
-0.406265 0.211915 -0.888842
-0.963987 -0.23576 0.123072
-0.0769814 0.278253 -0.957418
-0.983302 -0.171196 0.0617169
-0.956837 -0.271821 0.10284
-0.958879 -0.274995 0.0702002
-0.818845 -0.53444 0.209445
-0.8331 -0.522495 0.181506
-0.845219 -0.496818 0.19692
-0.918186 -0.340974 0.201671
-0.960865 -0.261009 0.0927987
-0.223088 0.268481 -0.937096
-0.946856 -0.321351 0.0140613
-0.496034 0.262819 -0.827573
-0.282367 0.471628 -0.835366
0.019266 -0.26323 -0.964541
-0.0063657 -0.107118 -0.994226
0.00670208 0.392922 -0.919547
-0.955866 -0.286932 0.0631688
-0.838652 -0.495283 0.226623
-0.161484 0.360738 -0.918581
0.119311 -0.0318464 -0.992346
-0.886875 -0.393206 0.242575
-0.877439 -0.38491 0.286259
-0.880233 -0.296034 0.370882
-0.884032 -0.383954 0.266584
-0.967844 -0.247527 -0.0448125
-0.924884 -0.33518 0.179564
-0.145774 0.305259 -0.941046
-0.92208 0.379507 -0.0757873
-0.00128891 0.418146 -0.908379
0.0701046 -0.0565622 -0.995935
-0.967844 -0.247527 -0.0448125
-0.940071 -0.29371 -0.173211
-0.0905547 0.463222 -0.881604
-0.282367 0.471628 -0.835366
-0.908521 0.0207357 -0.417324
-0.284213 0.670214 -0.685592
-0.352474 0.299388 -0.886639
0.0967008 0.348848 -0.932177
-0.175712 0.380755 -0.907828
-0.867522 -0.299929 0.396797
-0.8331 -0.522494 0.181506
-0.106733 0.310451 -0.944578
-0.980539 -0.154294 0.121393
-0.881636 -0.129785 -0.453734
-0.180206 0.467629 -0.865361
-0.944029 -0.329321 -0.0188909
-0.89824 -0.410202 0.157792
-0.911635 -0.398966 -0.098733
-0.0446813 0.36742 -0.928981
-0.0289583 0.351541 -0.935724
-0.0446813 0.36742 -0.928981
-0.196363 0.425722 -0.883291
-0.0772781 0.448852 -0.890258
-0.282367 0.471628 -0.835366
-0.908521 0.0207357 -0.417324
0.0496628 0.308948 -0.949782
0.00767605 0.341815 -0.939736
-0.0580617 0.296626 -0.953227
-0.020076 0.418874 -0.907822
-0.180206 0.467629 -0.865361
-0.995472 -0.0361682 -0.0879086
-0.0850088 0.318816 -0.943997
-0.102011 0.383636 -0.917833
-0.10093 0.347355 -0.932286
-0.918186 -0.340974 0.201671
-0.944346 -0.296047 0.143413
-0.196114 0.298651 -0.933995
-0.0580617 0.296626 -0.953227
-0.186391 0.251394 -0.949768
-0.220491 0.443128 -0.86892
-0.941766 -0.332711 0.0487875
-0.877439 -0.38491 0.286259
-0.112295 0.328872 -0.937674
-0.220491 0.443128 -0.86892
-0.220491 0.443128 -0.86892
-0.869763 -0.373513 0.32249
0.032363 0.297544 -0.954159
-0.96778 -0.237285 0.0842441
-0.96774 -0.243277 0.0655397
-0.92916 -0.351362 0.114922
0.129794 -0.0406795 -0.990706
-0.952162 -0.140539 0.27136
-0.968081 -0.23447 -0.0885557
-0.953051 -0.292238 0.0793184
-0.241023 0.238358 -0.940794
-0.952956 -0.27521 -0.127025
-0.937807 -0.340142 0.0694415
-0.939031 -0.238491 0.247675
-0.0110589 0.316905 -0.948393
-0.935206 -0.353889 0.0123452
-0.960444 -0.270375 0.0666646
-0.931473 -0.350068 0.0990442
-0.944496 -0.30001 0.133871
-0.977548 -0.204243 -0.0518175
-0.703763 -0.552064 -0.44715
-0.154369 0.289082 -0.944776
-0.395368 0.243498 -0.88566
-0.260851 0.464698 -0.846176
-0.172113 0.329067 -0.928489
-0.091293 0.35617 -0.929951
-0.169181 0.425617 -0.888948
-0.244097 -0.0124838 -0.969671
-0.0614249 0.0606247 -0.996269
-0.484231 0.221939 -0.846324
-0.326343 0.250195 -0.911539
-0.185055 0.292252 -0.938266
-0.0631626 0.150256 -0.986627
-0.0673601 0.676259 -0.733578
-0.256542 0.263334 -0.929969
0.44983 0.373838 -0.811109
-0.24457 0.395837 -0.885155
-0.0654171 -0.284273 -0.956509
-0.415704 0.270922 -0.868212
-0.415704 0.270922 -0.868212
-0.199679 0.29922 -0.933057
-0.0383628 0.272127 -0.961496
-0.117593 0.329579 -0.936776
-0.185055 0.292252 -0.938266
-0.215954 0.483325 -0.848387
-0.141959 0.358542 -0.922657
-0.0631626 0.150256 -0.986627
-0.113448 0.174611 -0.97808
-0.250495 0.321345 -0.913231
0.0220002 0.472686 -0.880956
-0.0673601 0.676259 -0.733578
-0.157301 0.410293 -0.898285
-0.222523 0.386111 -0.89521
-0.105555 0.204084 -0.973246
-0.515161 0.190221 -0.835718
-0.0240388 0.321646 -0.946555
-0.171202 0.335189 -0.926465
-0.137672 0.324229 -0.935907
-0.174735 0.249706 -0.952426
-0.30874 0.403707 -0.86122
-0.168748 0.339666 -0.925284
-0.0895891 -0.46143 -0.882642
-0.181035 0.129731 -0.974883
-0.237012 0.330902 -0.913416
0.481299 0.819719 -0.310503
-0.484231 0.221939 -0.846324
-0.169588 0.290274 -0.941797
-0.091293 0.35617 -0.929951
-0.0895891 -0.46143 -0.882642
-0.218721 0.406504 -0.887083
-0.337403 0.20778 -0.918143
-0.315126 0.416665 -0.852693
-0.18394 0.327525 -0.926765
-0.129712 0.402487 -0.906189
-0.304741 0.109314 -0.946141
-0.193796 0.396874 -0.897181
-0.155366 0.343962 -0.926041
-0.0895891 -0.46143 -0.882642
-0.103293 0.493136 -0.863798
-0.201558 0.389709 -0.898611
0.0130218 -0.328271 -0.944494
-0.117179 0.28984 -0.949875
-0.050353 0.446627 -0.893302
-0.286612 0.232043 -0.929521
-0.293121 0.199149 -0.935104
-0.426359 0.272792 -0.86244
-0.250584 0.563598 -0.787125
-0.294311 0.382532 -0.875814
0.059364 -0.0874969 -0.994394
-0.260851 0.464698 -0.846176
-0.194469 0.249067 -0.948761
-0.167289 0.314837 -0.934287
-0.107662 0.248063 -0.962743
-0.088595 0.263451 -0.960596
-0.495317 0.137335 -0.857788
-0.250584 0.563598 -0.787125
-0.162103 0.35005 -0.922598
-0.194967 0.362628 -0.911311
-0.173302 0.275215 -0.945634
-0.143774 0.304656 -0.941549
-0.144702 0.306271 -0.940882
-0.164229 0.381167 -0.909802
-0.219997 0.287366 -0.932214
-0.641886 0.499397 -0.581881
-0.340756 0.354217 -0.870871
-0.0383628 0.272127 -0.961496
-0.211599 0.36958 -0.904786
-0.154903 0.194988 -0.968496
-0.0996741 0.229269 -0.968246
-0.415704 0.270922 -0.868212
-0.0977034 0.320698 -0.942129
-0.218852 0.223413 -0.949837
-0.107662 0.248063 -0.962743
-0.103926 0.252164 -0.962088
-0.234872 -0.247563 -0.939972
-0.336452 0.324688 -0.883956
-0.160595 0.228062 -0.960311
-0.178277 0.328882 -0.927391
-0.0778666 0.293776 -0.952697
-0.277288 0.442551 -0.852795
-0.148992 0.324223 -0.934174
-0.293121 0.199149 -0.935104
-0.0383628 0.272127 -0.961496
-0.066428 0.395193 -0.916193
-0.201504 0.375064 -0.904833
-0.182865 0.222246 -0.957688
-0.140019 0.249786 -0.958124
-0.17841 0.266797 -0.947095
-0.22304 0.356111 -0.907435
-0.203989 0.239877 -0.94913
-0.0489028 0.258554 -0.964758
-0.272263 -0.0711953 -0.959585
-0.187199 0.203426 -0.961028
-0.337403 0.20778 -0.918143
-0.00128896 0.418146 -0.908379
-0.101374 0.318352 -0.942537
-0.175773 0.299593 -0.937735
-0.112748 0.255699 -0.960159
-0.130924 0.211789 -0.968506
-0.344837 0.270223 -0.898926
-0.148484 0.314748 -0.937489
-0.247561 0.309263 -0.918188
-0.101961 0.283831 -0.953438
-0.174428 -0.230562 -0.957296
-0.0470756 0.202336 -0.978184
-0.23855 0.448817 -0.861195
-0.244097 -0.0124838 -0.969671
-0.0636236 0.325796 -0.943297
-0.0799661 0.40903 -0.90901
-0.135726 0.197756 -0.97081
0.0332516 -0.00213453 -0.999445
-0.178901 0.241223 -0.953838
-0.0987873 0.466457 -0.87901
-0.15795 0.373846 -0.913943
-0.203342 0.438278 -0.875537
-0.0905547 0.463222 -0.881604
-0.00128896 0.418147 -0.908379
-0.101374 0.318352 -0.942537
-0.273594 0.545707 -0.792054
-0.179668 0.22955 -0.95657
-0.172132 0.375108 -0.910859
0.0477006 0.2587 -0.964779
-0.104295 -0.145315 -0.983873
-0.162665 0.186016 -0.968988
-0.299908 0.203537 -0.932002
-0.203342 0.438278 -0.875537
-0.890633 -0.432371 0.140811
-0.32085 0.368486 -0.87251
-0.91826 -0.191908 -0.346366
0.111157 0.142196 -0.983577
-0.67147 0.230642 -0.704225
-0.193796 0.396874 -0.897181
-0.325634 0.0696382 -0.942928
-0.154903 0.194988 -0.968496
-0.728744 -0.352543 -0.587065
-0.182865 0.222246 -0.957688
-0.37445 0.227254 -0.898968
-0.244097 -0.0124837 -0.969671
-0.899248 -0.353357 -0.257862
-0.916111 -0.335447 0.219582
-0.15795 0.373846 -0.913943
-0.382844 0.274278 -0.882158
-0.981491 -0.0607744 -0.181608
-0.0823912 0.242965 -0.96653
-0.877151 -0.447871 0.173258
-0.100326 0.29035 -0.951647
0.00533689 0.394149 -0.919031
-0.268043 -0.00649009 -0.963385
-0.930457 -0.337843 0.141815
-0.135318 0.390754 -0.910494
-0.435175 -0.900069 -0.0223325
-0.968679 -0.00879572 -0.248162
-0.935257 -0.338447 0.103672
-0.968679 -0.00879572 -0.248162
-0.135318 0.390754 -0.910494
-0.173824 0.435204 -0.883393
-0.175738 0.301523 -0.937123
-0.867522 -0.299929 0.396797
-0.990386 -0.0659547 0.121592
0.141815 0.0133166 -0.989804
-0.937361 -0.342252 0.0649478
-0.972929 -0.222836 -0.0612601
-0.971589 -0.233887 0.0362124
-0.992398 -0.0842944 -0.089673
-0.955595 -0.294289 0.0152174
-0.956426 -0.233316 0.175536
-0.957306 -0.288878 0.0107062
-0.949181 -0.307429 0.0673947
-0.961284 -0.247749 0.120637
-0.955584 -0.294384 0.0140331
-0.962592 -0.218061 -0.16083
-0.877151 -0.447871 0.173258
-0.862777 -0.47143 0.182674
-0.861684 -0.494034 0.115894
-0.925493 -0.230379 -0.300648
-0.79973 -0.594002 -0.0871358
-0.907594 -0.0444625 -0.417488
-0.0350033 -0.210007 -0.977073
-0.901062 -0.425239 -0.0852046
-0.958067 0.0134341 0.28623
-0.362632 0.541418 -0.758528
-0.831171 -0.552361 -0.0636643
-0.985116 -0.0969043 0.141972
-0.952866 -0.296037 0.0663936
-0.937361 -0.342252 0.0649478
-0.988113 -0.027713 0.151209
-0.997635 -0.0450208 0.0519418
-0.660134 0.748455 -0.0635508
-0.626695 0.244895 -0.739783
0.122819 -0.76548 -0.63163
-0.955309 -0.26003 0.140602
-0.976293 -0.200977 -0.0803722
-0.916108 -0.397427 0.0528908
-0.953611 -0.220706 0.204731
-0.950515 -0.227749 0.211311
-0.912141 -0.346381 0.219134
-0.944346 -0.296047 0.143413
-0.936261 -0.338723 -0.0931805
-0.939651 -0.328487 -0.095669
-0.953411 -0.299555 -0.0356947
-0.977915 -0.20891 -0.00628316
-0.964184 -0.25702 -0.065506
-0.971382 -0.23179 0.0518643
-0.938962 -0.326805 0.107464
-0.685608 -0.723139 -0.0837399
-0.994556 -0.0674115 0.0794651
-0.966191 -0.193569 -0.170311
-0.96626 -0.234332 0.106911
-0.968233 -0.16638 0.186663
-0.956118 -0.292186 -0.0215786
-0.946104 -0.305138 0.108529
-0.838059 -0.535084 0.1065
-0.9153 -0.372375 0.153499
-0.916712 -0.373383 0.142211
-0.658468 -0.751802 -0.0348328
-0.880233 -0.296034 0.370882
-0.234576 0.257618 -0.93734
-0.93718 -0.337006 -0.0901167
-0.80447 -0.57933 -0.131167
-0.922987 -0.311989 0.225295
-0.952162 -0.140539 0.27136
-0.759838 -0.350299 -0.547666
-0.875998 -0.468346 -0.115236
-0.890355 -0.393132 0.229599
-0.953297 -0.258911 0.155529
-0.918443 -0.387822 -0.0778231
-0.927611 -0.373446 0.00865896
-0.935395 -0.346537 0.0703452
-0.983302 -0.171196 0.0617169
-0.929447 -0.366575 -0.0418572
-0.958803 -0.274808 0.071956
-0.971382 -0.23179 0.0518642
-0.967264 -0.198161 -0.15853
-0.934017 -0.330266 0.136151
-0.962336 -0.270715 0.0249674
-0.964349 -0.259732 0.0506941
-0.175008 0.444346 -0.878595
-0.920223 -0.368351 0.132312
-0.963139 -0.175181 -0.204146
-0.963139 -0.175181 -0.204146
-0.936001 -0.323071 0.139737
-0.89519 -0.445541 0.011339
-0.973125 -0.230084 0.00940609
-0.936191 -0.209168 0.282481
-0.988113 -0.027713 0.151209
-0.955979 -0.289473 0.0480569
-0.986648 -0.146446 -0.0712661
-0.938687 -0.344122 -0.0211354
-0.940978 -0.321988 0.104324
-0.97578 -0.21587 0.0354136
-0.925341 -0.374871 0.0567037
-0.97872 -0.201292 -0.0398607
-0.849139 -0.519228 0.0967683
-0.843312 -0.537219 0.0148553
-0.95078 -0.302221 -0.0684153
-0.920071 -0.287392 -0.266223
-0.98542 -0.107351 0.131994
-0.916111 -0.335447 0.219582
-0.967443 -0.252891 0.00998837
-0.990034 -0.132415 0.047944
-0.914482 -0.378363 -0.143402
-0.83689 -0.544485 0.0561397
-0.977046 -0.212889 -0.00766364
-0.929024 -0.368877 0.029057
-0.941085 -0.240174 0.238067
-0.988113 -0.027713 0.151209
-0.964517 -0.205634 0.165593
-0.985124 -0.140393 0.0991008
-0.987617 -0.0733625 -0.138676
-0.925073 -0.349788 0.147947
-0.935112 -0.272959 0.225961
-0.958763 -0.27817 0.0582602
-0.922953 -0.28903 0.254203
-0.946728 -0.308191 0.0934016
-0.950601 -0.304762 0.0589733
-0.927611 -0.373446 0.00865896
-0.96395 -0.256616 0.0703436
-0.933008 -0.359471 -0.0166299
-0.947664 -0.31774 0.0312204
-0.953312 -0.301165 -0.0222668
-0.928624 -0.345064 0.13634
-0.917176 -0.369838 0.148348
-0.954337 -0.289241 0.0747044
-0.948505 -0.302103 0.0952505
-0.968081 -0.23447 -0.0885557
-0.95752 -0.27914 0.0723655
-0.965396 -0.25661 0.0464879
-0.922277 -0.368204 0.117607
-0.968986 -0.221504 0.109553
-0.948404 -0.294796 0.116727
-0.930739 -0.346592 0.116614
-0.960017 -0.270368 -0.0725857
-0.959988 -0.220638 0.172459
-0.29779 0.133331 -0.945275
-0.875947 -0.480544 -0.0423688
-0.834398 -0.550383 -0.0292959
-0.986943 -0.125136 0.101411
-0.927361 -0.286908 0.240179
-0.875388 0.318932 -0.363288
-0.929472 -0.335683 0.152964
-0.958665 -0.284322 0.011078
-0.968233 -0.16638 0.186663
-0.919977 -0.391298 -0.0229786
-0.944893 -0.297085 0.13754
-0.933055 -0.354727 0.0598143
-0.970351 -0.230578 0.0724791
-0.967835 -0.24064 0.0734017
-0.924272 -0.37665 0.0620989
-0.947548 -0.300243 -0.109576
-0.70406 -0.400787 -0.586233
-0.940796 -0.315333 -0.124371
-0.945138 -0.259288 0.198703
-0.940664 -0.27762 0.195136
-0.924617 -0.30938 0.222188
-0.981899 -0.170699 0.0820754
-0.969296 0.0766481 0.233647
-0.92385 -0.359443 0.131539
-0.861912 -0.466612 0.198445
-0.992572 0.0472961 0.112087
-0.969072 -0.242047 0.04809
-0.913856 -0.268909 -0.304229
-0.960279 -0.200297 0.194284
-0.885682 -0.403224 0.230169
-0.875998 -0.468346 -0.115236
-0.323913 -0.93437 -0.148435
-0.99961 0.00110751 0.0279192
-0.855427 -0.492259 0.161015
-0.979989 -0.154072 0.12603
-0.964517 -0.205634 0.165593
-0.960681 -0.27748 -0.00981899
-0.0037461 -0.664121 -0.747616
-0.818845 -0.53444 0.209445
-0.953703 -0.27597 -0.119548
-0.954934 -0.280519 -0.0970078
-0.953703 -0.27597 -0.119548
-0.958763 -0.27817 0.0582602
-0.976908 -0.193421 0.0907666
-0.945365 -0.302926 0.120503
-0.949381 -0.309693 0.052585
-0.969278 -0.245957 0.00228003
-0.945569 -0.325117 0.0140447
-0.958726 -0.244155 0.145714
-0.943889 -0.329507 0.0223058
-0.947815 -0.302056 0.102022
-0.978573 -0.192993 -0.0717502
-0.945733 -0.313964 0.0837655
-0.947183 -0.312152 0.0735208
-0.939078 -0.338868 0.0574444
-0.939075 -0.325902 0.10921
-0.955257 -0.293728 0.0347698
-0.922277 -0.368204 0.117607
-0.945755 -0.321845 0.0442985
-0.946409 -0.322721 -0.0127071
-0.915073 -0.403219 0.00745788
-0.946038 -0.324048 0.00223975
-0.949141 -0.305555 -0.0759415
-0.998769 -0.0232826 0.0438044
-0.877151 -0.447871 0.173258
-0.999494 -0.0173107 -0.0266868
-0.936981 -0.348359 0.026696
-0.988113 -0.027713 0.151209
0.0496629 0.308948 -0.949782
-0.953545 -0.300816 0.0161561
-0.80447 -0.57933 -0.131167
-0.822008 -0.461391 0.333799
-0.963282 -0.26594 -0.036929
-0.968078 -0.198453 0.153107
-0.95744 -0.273286 0.0928661
-0.966697 -0.255916 -0.00170319
-0.952956 -0.27521 -0.127025
-0.924966 -0.379584 -0.0188257
-0.152285 0.502032 -0.851336
-0.934573 -0.332325 -0.127019
-0.938672 -0.268188 0.216724
-0.958106 -0.285657 0.0208226
-0.938951 -0.317345 -0.1329
-0.995646 0.0400401 0.084177
-0.98542 -0.107351 0.131994
-0.93949 -0.338127 0.0550261
-0.962592 -0.218061 -0.16083
-0.948316 -0.316892 -0.0166059
-0.936981 -0.348359 0.026696
-0.951459 -0.280682 0.126264
-0.924668 -0.378656 0.0401093
-0.80447 -0.57933 -0.131167
-0.929847 -0.34281 -0.133661
-0.0037461 -0.664121 -0.747616
-0.913856 -0.268909 -0.304229
-0.92134 -0.346303 0.176654
-0.946856 -0.321351 0.0140613
-0.958879 -0.274995 0.0702002
-0.958814 -0.260885 -0.112313
-0.959988 -0.220638 0.172459
-0.869875 -0.464248 0.166708
-0.89859 -0.194295 -0.393427
-0.954662 -0.239843 0.176342
-0.947696 -0.307979 0.0837992
-0.947039 -0.31834 0.0421466
-0.973125 -0.230084 0.00940608
-0.978483 0.194224 -0.0696358
-0.960175 -0.266475 0.0839954
-0.952204 -0.305006 -0.0167107
-0.952866 -0.296037 0.0663936
-0.876135 0.152311 -0.457372
-0.856316 -0.47559 0.201339
-0.966566 -0.143112 -0.212766
-0.947116 -0.320542 0.0149478
-0.928218 -0.370909 0.0289543
-0.962091 -0.25901 0.0854097
-0.95487 -0.279112 0.101587
-0.962204 -0.26908 0.041944
-0.170715 0.675814 0.71703
-0.969185 0.00280108 0.246316
-0.0842406 0.224819 -0.970752
-0.89859 -0.194295 -0.393427
-0.96251 -0.161098 -0.218225
-0.443258 0.348915 -0.8257
-0.286612 0.232043 -0.929521
-0.283417 0.185444 -0.940896
-0.194809 0.257974 -0.946308
-0.246821 0.583287 -0.773858
-0.0249394 -0.20277 -0.978909
-0.173222 0.383078 -0.907329
-0.260851 0.464698 -0.846176
-0.308072 0.308718 -0.89988
-0.146001 0.145861 -0.978472
-0.125952 0.268997 -0.95487
0.0220002 0.472686 -0.880956
-0.0210902 -0.0640851 -0.997722
-0.0498655 0.0364716 -0.99809
-0.15626 0.268178 -0.950612
-0.00370049 -0.164635 -0.986348
-0.362632 0.541418 -0.758528
-0.104295 -0.145315 -0.983873
-0.258067 0.5946 -0.76148
-0.0666828 0.449679 -0.890698
-0.0498655 0.0364716 -0.99809
-0.142619 0.342188 -0.928745
0.0709418 0.515825 -0.853752
0.107707 -0.00875685 -0.994144
-0.109515 0.0336503 -0.993415
-0.190186 0.458783 -0.867956
-0.204698 0.405811 -0.890739
0.260306 -0.0247688 -0.965209
-0.201558 0.389709 -0.898611
-0.020076 0.418874 -0.907822
-0.415704 0.270922 -0.868212
-0.237148 0.553594 -0.798307
-0.144898 0.281938 -0.948428
-0.22878 0.365488 -0.902263
-0.0700232 0.6635 -0.744892
0.261114 0.129354 -0.956602
-0.183142 0.45406 -0.871945
0.246795 0.662381 -0.70735
-0.214191 0.388267 -0.89631
0.0332516 -0.00213453 -0.999445
-0.0853852 0.116953 -0.98946
-0.100343 0.0526501 -0.993559
-0.269247 0.367502 -0.890195
-0.182865 0.222246 -0.957688
-0.215954 0.483325 -0.848387
-0.22304 0.356111 -0.907435
-0.140423 0.243758 -0.959616
-0.156373 0.302392 -0.94027
0.0934974 -0.226339 -0.969551
-0.256028 0.379145 -0.889213
-0.332408 0.409023 -0.849826
0.481299 0.819719 -0.310502
-0.183142 0.45406 -0.871945
-0.214191 0.388266 -0.89631
-0.15145 0.413629 -0.897761
-0.314119 0.391098 -0.865085
-0.1396 0.214175 -0.966768
-0.414358 0.341449 -0.843635
-0.04654 0.375843 -0.925514
0.481299 0.819719 -0.310502
0.46884 0.565164 -0.678806
-0.158024 0.318069 -0.934805
-0.0700232 0.6635 -0.744892
-0.19129 0.205708 -0.959736
-0.096582 0.31057 -0.945631
-0.178156 0.0919603 -0.979696
-0.165453 0.130471 -0.977549
-0.272919 0.311421 -0.910237
0.46884 0.565164 -0.678807
-0.327292 0.280971 -0.902184
0.695523 0.275299 -0.66367
-0.344351 0.452716 -0.822478
-0.140019 0.249786 -0.958124
-0.24333 0.200992 -0.94889
-0.146237 0.362967 -0.920255
-0.164424 0.321619 -0.932484
-0.272919 0.311422 -0.910237
-0.04654 0.375843 -0.925514
-0.272919 0.311421 -0.910237
-0.960778 -0.193951 0.198211
-0.952005 -0.240153 0.189772
-0.987165 -0.0780492 0.139336
-0.898103 -0.430283 -0.0909295
-0.977727 -0.190213 -0.0887125
-0.876697 -0.476588 0.0653122
-0.986648 -0.146446 -0.0712661
-0.960279 -0.200297 0.194284
-0.977134 -0.199097 0.0746272
-0.831171 -0.552361 -0.0636643
-0.934616 -0.317618 0.160035
-0.947104 -0.304741 0.100632
-0.88538 -0.409766 0.219529
-0.661553 -0.749019 -0.0362986
-0.0645811 0.324047 0.943834
-0.95744 -0.273286 0.0928661
-0.965358 -0.258321 0.0368071
-0.970351 -0.230578 0.0724791
-0.834807 -0.515612 -0.19298
-0.953992 -0.294751 0.0549709
-0.936348 -0.33568 0.102812
-0.960835 -0.151334 -0.232149
-0.89216 -0.440621 0.099519
-0.947067 -0.291582 0.134331
-0.968078 -0.198453 0.153107
-0.963139 -0.175181 -0.204146
-0.986943 -0.125136 0.101411
-0.934616 -0.317618 0.160035
-0.854082 -0.519829 0.0179299
-0.501683 -0.595764 -0.627199
-0.954223 -0.167924 -0.247507
-0.937635 -0.343564 0.0529635
-0.996847 -0.0793492 0.000773849
-0.90921 -0.416288 -0.00642243
-0.960444 -0.270375 0.0666646
0.0352637 0.3748 -0.926435
-0.944385 -0.324312 0.054393
-0.958726 -0.244155 0.145714
-0.939503 -0.333818 0.0768035
-0.958215 -0.285861 -0.0103264
-0.0530999 0.198623 -0.978636
0.584576 0.758082 0.289107
0.926904 0.375176 0.00957816
-0.96521 -0.252023 0.0696706
-0.718979 -0.255107 -0.646521
-0.757299 -0.561851 0.332899
0.0198592 0.327905 0.944502
-0.978154 -0.125439 0.165768
-0.949527 -0.152892 0.273902
-0.963395 -0.266583 -0.0283417
0.917462 0.391303 -0.0717312
0.939347 -0.0460833 -0.339857
0.939347 -0.0460834 -0.339857
-0.140696 0.224023 0.964375
0.893634 0.380006 0.238775
0.893634 0.380006 0.238775
-0.740536 -0.428278 0.517865
-0.972852 -0.230595 0.0196292
0.477126 0.865954 0.149912
0.970198 -0.0749909 -0.230418
0.564197 0.80157 0.197907
-0.95692 -0.201483 0.209065
-0.955424 -0.279735 -0.094407
-0.965266 -0.259261 -0.0323335
-0.977382 -0.119037 0.174798
-0.971541 -0.0674383 0.227067
-0.430509 0.383675 -0.816979
-0.0297162 0.39055 -0.920102
-0.0610759 0.353138 -0.933576
-0.260851 0.464698 -0.846176
-0.181037 0.330204 -0.926386
0.0870196 0.349875 0.932746
-0.00365173 0.343265 0.939231
-0.283431 0.210278 -0.935655
0.120858 0.387176 -0.91405
-0.454574 0.303959 -0.83724
0.162632 0.627115 -0.76176
0.356791 0.629627 0.690123
-0.126964 0.223063 0.966501
-0.076238 -0.857825 0.508255
0.162632 0.627115 -0.76176
-0.17413 0.758469 -0.628015
0.162632 0.627115 -0.76176
-0.260851 0.464698 -0.846176
-0.234218 0.240505 -0.941966
-0.993077 0.114197 0.0275144
-0.706212 -0.409848 -0.577312
0.708776 0.693809 0.127538
0.543605 0.838273 0.042333
-0.283431 0.210278 -0.935655
-0.171202 0.335189 -0.926465
-0.384108 0.417073 -0.823718
-0.274467 0.334905 -0.901391
-0.151971 0.347643 -0.925229
-0.283431 0.210278 -0.935655
-0.283431 0.210278 -0.935655
-0.288055 0.219567 -0.932102
-0.112748 0.255699 -0.960159
-0.10093 0.347355 -0.932286
-0.125788 0.290224 -0.948656
0.75274 0.634865 0.174154
0.141815 0.0133166 -0.989804
-0.214509 0.754314 -0.620481
0.0870196 0.349875 0.932746
0.646207 0.758905 0.0804993
0.694834 0.710149 0.113556
0.597172 0.403652 0.693145
-0.187199 0.203426 -0.961028
-0.0666387 0.200718 -0.97738
-0.0660203 0.346423 -0.935752
0.636125 0.767793 0.0764148
0.597172 0.403652 0.693145
-0.163746 0.377326 -0.911489
-0.0685239 0.0310961 -0.997165
-0.283431 0.210278 -0.935655
-0.215792 0.305772 -0.927328
-0.977598 -0.204626 0.0493014
0.723163 0.667739 0.176521
0.783629 0.621211 0.00465587
-0.122264 0.358306 -0.925564
-0.0446813 0.36742 -0.928981
-0.0895891 -0.46143 -0.882642
0.0922088 0.312186 0.945536
0.939347 -0.0460834 -0.339857
0.809055 0.587327 -0.021849
0.544523 0.80903 0.221282
0.194538 0.414967 -0.888795
-0.18394 0.327525 -0.926765
0.636125 0.767793 0.0764148
0.863927 0.457133 0.211327
-0.169027 0.119797 -0.978304
0.141815 0.0133166 -0.989804
0.869825 0.464931 -0.165057
-0.17027 0.446998 -0.87818
0.193753 0.807123 -0.557684
0.678782 0.72949 0.0842569
0.79515 0.353104 0.493006
0.00395635 0.467601 -0.883931
-0.289203 0.239908 -0.926718
0.67064 0.739928 0.0524364
0.551282 0.826195 0.116147
0.726944 0.637496 0.255249
-0.289203 0.239908 -0.926718
0.538864 0.725207 0.428603
-0.139555 0.278684 -0.950189
0.850876 0.519813 0.0761869
0.747939 0.663361 0.0232369
0.568066 0.821641 0.0469708
0.194538 0.414967 -0.888795
0.512289 0.822318 0.247697
-0.0400264 0.0377927 -0.998484
0.0183463 -0.353043 -0.935427
0.471868 0.859616 0.195961
0.564104 0.802921 0.192625
0.446559 -0.721817 -0.528739
-0.044977 0.097292 -0.994239
0.0538652 0.885784 0.460961
0.544523 0.80903 0.221282
0.758802 0.649161 0.0530061
0.0732575 0.31926 0.944831
0.0373573 0.345239 0.937771
0.814128 0.580631 0.00798992
0.564124 0.819767 0.0987258
0.708776 0.693809 0.127538
0.939347 -0.0460834 -0.339857
0.909199 0.349798 0.225831
0.0131647 -0.32136 -0.946865
0.544523 0.80903 0.221282
0.584244 0.795208 0.162182
-0.001839 -0.142079 -0.989854
0.141815 0.0133166 -0.989804
0.567941 0.813359 0.12606
0.884133 0.462125 -0.0689218
-0.172631 0.324241 -0.930089
0.430441 0.887816 0.162798
0.628934 0.777436 -0.00594645
0.8683 0.494361 -0.040773
0.950608 0.125714 0.283797
0.141815 0.0133166 -0.989804
-0.105216 0.292915 -0.950332
-0.65412 0.159832 -0.739311
0.787485 0.616102 0.0168832
0.613717 0.781914 0.109373
-0.00365173 0.343265 0.939231
0.884133 0.462125 -0.0689218
0.66595 0.739626 0.0972861
0.0198592 0.327905 0.944502
0.931898 -0.0656321 -0.356733
0.758802 0.649161 0.0530061
-0.881636 -0.129785 -0.453734
0.590686 0.798391 0.116885
0.586662 0.790314 0.176725
-0.321437 0.703201 -0.634182
-0.965189 -0.261203 0.0135533
0.453723 0.890357 0.0374159
-0.98675 -0.104085 0.124458
-0.952326 -0.303858 0.0273214
0.677079 0.733692 0.0571024
0.657829 0.749064 0.0785117
0.857794 0.512148 0.0435244
-0.949038 0.179042 -0.259366
-0.97626 -0.163368 0.142221
0.733023 0.674878 0.0849548
-0.989323 -0.0938989 0.111454
-0.966398 -0.247522 0.0693374
-0.106733 0.310451 -0.944578
0.730488 0.575938 0.366991
0.625978 0.747982 0.220624
-0.0685239 0.0310961 -0.997165
0.869825 0.464931 -0.165057
-0.718979 -0.255107 -0.646521
-0.973656 -0.198683 0.111888
-0.991568 -0.121314 -0.0455535
-0.948033 -0.29452 0.120383
0.564104 0.802921 0.192625
0.746608 0.644392 0.165334
-0.915464 0.398635 -0.0549265
-0.941925 -0.231535 0.243245
-0.352474 0.299387 -0.886639
-0.918943 -0.351052 0.17974
-0.991568 -0.121314 -0.0455535
-0.98675 -0.104085 0.124458
-0.977382 -0.119037 0.174798
-0.977382 -0.119037 0.174798
-0.986273 -0.102598 0.129379
-0.950913 -0.270148 0.150948
-0.869763 -0.373513 0.32249
-0.900664 -0.38316 0.204923
-0.944798 -0.32582 -0.0346002
0.970198 -0.0749911 -0.230418
0.726944 0.637496 0.255249
-0.97597 -0.159775 0.148173
0.798365 0.549593 0.246092
0.869825 0.464931 -0.165057
-0.987304 -0.158123 0.0150835
-0.819518 -0.568322 -0.0734861
-0.897088 -0.415351 0.150724
0.0130218 -0.328271 -0.944494
0.950608 0.125714 0.283797
-0.954164 -0.25981 -0.148561
-0.991568 -0.121314 -0.0455535
-0.999859 0.0134897 -0.0100351
-0.994807 -0.0603988 0.0819192
-0.916636 -0.336163 0.21627
0.597172 0.403652 0.693145
-0.952326 -0.303858 0.0273214
0.160783 0.953953 0.253224
-0.98168 -0.133189 0.136252
-0.955262 0.121944 -0.269452
-0.912965 -0.279556 0.297227
-0.960878 -0.217384 -0.171631
0.730488 0.575938 0.366991
0.795817 0.597583 0.0978248
0.795817 0.597583 0.0978248
0.916229 0.382644 -0.118781
0.141815 0.0133166 -0.989804
-0.954774 -0.250638 0.159962
-0.949298 -0.294446 -0.110161
-0.98542 -0.107351 0.131994
0.869825 0.464931 -0.165057
0.916229 0.382644 -0.118781
-0.940284 -0.292306 0.174424
-0.781071 -0.620973 -0.0657236
-0.937361 -0.342252 0.0649478
-0.932237 -0.358342 -0.0502488
0.761567 0.647601 0.025092
0.907827 0.399144 0.128581
0.970198 -0.074991 -0.230418
0.844976 0.479387 0.237072
-0.910223 -0.413295 -0.0260891
0.914245 -0.0594414 -0.400777
0.0922088 0.312186 0.945536
-0.970149 -0.227612 0.0836876
-0.871552 -0.47841 0.107335
0.747939 0.663361 0.0232369
0.970198 -0.0749908 -0.230418
-0.948033 -0.29452 0.120383
0.960459 0.00183405 -0.278416
0.587727 0.598734 0.544145
-0.917073 -0.327138 0.227943
-0.120309 0.346381 -0.930347
-0.096582 0.31057 -0.945631
-0.297013 0.387949 -0.872513
-0.22571 0.351255 -0.908666
-0.0467793 0.172702 -0.983863
-0.200726 0.453237 -0.868496
-0.18881 0.33794 -0.922034
-0.0895891 -0.46143 -0.882642
-0.209858 0.188094 -0.959469
-0.0210902 -0.0640851 -0.997722
0.57698 0.795345 -0.185797
-0.323521 0.303409 -0.896257
-0.382844 0.274278 -0.882158
0.991794 -0.12125 0.0405247
0.628782 0.619275 -0.470246
0.147379 -0.232231 0.96143
0.795311 -0.170788 0.581647
0.0709418 0.515825 -0.853752
-0.179105 0.320695 -0.930095
0.591359 0.366973 -0.718071
-0.594522 0.801414 -0.0654182
-0.305382 0.374121 -0.875657
-0.227479 0.323805 -0.91837
-0.202697 0.31988 -0.925522
-0.25706 0.344478 -0.902915
-0.194809 0.257974 -0.946308
-0.0895891 -0.46143 -0.882642
-0.0249394 -0.20277 -0.978909
0.0942498 0.14314 -0.985205
-0.972618 0.0470735 0.227594
-0.536236 0.496426 0.682651
-0.24333 0.200992 -0.94889
-0.296944 0.439913 -0.847527
-0.43037 0.374983 -0.821078
-0.142619 0.342188 -0.928745
-0.414358 0.341449 -0.843635
-0.104327 0.526842 -0.843536
-0.339658 0.533094 -0.774883
0.00980297 0.0206187 -0.999739
-0.0994309 0.293174 -0.950875
-0.399183 0.388839 -0.830335
0.49274 0.621677 -0.608871
-0.522699 0.0933221 -0.847394
-0.346352 0.0767901 -0.934957
-0.150697 0.241941 -0.958517
-0.203342 0.438278 -0.875537
-0.204419 0.303785 -0.930552
-0.272263 -0.0711953 -0.959585
-0.310259 0.265508 -0.912822
-0.250584 0.563598 -0.787125
0.0267912 -0.119921 -0.992422
-0.271197 0.159229 -0.949262
-0.382844 0.274278 -0.882158
0.0344292 0.255103 -0.966301
-0.366617 0.478424 -0.797937
-0.434979 0.316653 -0.842926
-0.306194 0.222232 -0.925666
-0.145351 0.382475 -0.912461
-0.0386352 0.187236 -0.981555
-0.0613821 0.258985 -0.963929
-0.175738 0.301523 -0.937123
-0.101716 0.24005 -0.965417
-0.0498655 0.0364716 -0.99809
-0.230645 0.149411 -0.961498
-0.275561 -0.0636598 -0.959174
-0.32085 0.368486 -0.87251
-0.296944 0.439913 -0.847527
-0.154195 0.29644 -0.942522
-0.216933 0.362247 -0.906486
-0.0416453 0.329187 -0.943346
-0.412949 0.0581871 -0.908893
-0.215954 0.483325 -0.848387
-0.248071 0.357772 -0.900255
0.105671 0.304043 -0.94678
-0.0498655 0.0364716 -0.99809
-0.240494 0.473259 -0.84746
-0.0619867 0.309854 -0.948761
0.0267912 -0.119921 -0.992422
-0.0436716 0.462792 -0.885391
0.0842103 0.915761 -0.392799
-0.100825 0.319736 -0.942127
-0.135318 0.390754 -0.910494
-0.273594 0.545707 -0.792054
-0.0940238 0.12672 -0.987472
-0.247708 0.236547 -0.939514
-0.0782443 0.442911 -0.893145
-0.323521 0.303409 -0.896257
-0.185902 0.385256 -0.903891
0.577023 0.45657 -0.677192
-0.0815184 0.370584 -0.925215
-0.283865 0.323836 -0.902525
-0.255794 0.124567 -0.958672
-0.207996 0.366776 -0.90676
-0.276732 0.473292 -0.83631
-0.435175 -0.900069 -0.0223325
-0.305781 0.348999 -0.885831
-0.177571 0.446555 -0.876959
-0.209858 0.188094 -0.959469
-0.0445249 0.363937 -0.930359
-0.204698 0.405811 -0.890739
-0.202796 0.481194 -0.852834
-0.0540208 0.402336 -0.913897
-0.188433 0.210091 -0.959351
-0.031767 0.407211 -0.912781
-0.448959 0.354033 -0.820424
-0.446273 0.25211 -0.858651
-0.188433 0.210091 -0.959351
-0.112274 0.43935 -0.891272
-0.145351 0.382475 -0.912461
0.991794 -0.12125 0.0405247
0.991794 -0.12125 0.0405247
-0.979036 -0.186956 -0.0808467
-0.27782 0.354586 -0.892796
-0.216342 0.435815 -0.873648
-0.167035 0.397403 -0.902314
-0.306194 0.222232 -0.925666
-0.101073 0.316594 -0.943161
-0.244109 0.161818 -0.956151
-0.30874 0.403707 -0.86122
-0.144011 0.380602 -0.913456
-0.119292 0.492527 -0.862083
-0.351694 0.182661 -0.918121
-0.202474 0.144832 -0.968518
-0.0286164 0.110135 -0.993505
-0.900619 -0.431572 0.0513
-0.981044 -0.188828 0.043551
-0.0700232 0.6635 -0.744892
0.52778 0.814129 -0.242159
-0.306279 0.302079 -0.902741
0.170292 0.606266 -0.776815
-0.206496 0.479126 -0.853111
-0.25706 0.344478 -0.902915
-0.103223 -0.9021 -0.418999
-0.066428 0.395193 -0.916193
-0.13095 0.400688 -0.906808
-0.116484 0.428158 -0.896165
-0.116174 0.256582 -0.959515
-0.133174 0.305913 -0.942699
-0.246821 0.583287 -0.773858
-0.218498 0.473971 -0.853001
-0.0799661 0.40903 -0.90901
-0.24356 0.3882 -0.888808
-0.30313 0.110068 -0.946571
-0.243198 0.326914 -0.913226
-0.066428 0.395193 -0.916193
-0.243198 0.326914 -0.913226
0.170292 0.606266 -0.776815
-0.200725 0.453237 -0.868496
-0.906715 -0.420044 -0.0378284
-0.327292 0.280971 -0.902184
-0.735368 0.498645 -0.458897
-0.140019 0.249786 -0.958124
-0.397208 0.312513 -0.86288
-0.0720109 0.337866 -0.938435
-0.414358 0.341449 -0.843635
-0.0761826 0.21314 -0.974047
-0.973125 -0.230084 0.00940609
-0.034281 0.0390413 -0.998649
-0.215954 0.483325 -0.848387
-0.981406 -0.132978 0.138414
-0.79973 -0.594002 -0.0871358
-0.995208 -0.0957143 0.019991
-0.951195 -0.0656642 0.301523
-0.98493 -0.15839 0.0694599
-0.939994 -0.329927 0.0869479
0.577023 0.45657 -0.677191
-0.997523 -0.052092 0.0472603
-0.536236 0.496426 0.682651
-0.915623 -0.386723 0.109906
-0.876557 -0.430288 0.21564
-0.932991 -0.356537 0.0490811
-0.987508 -0.152069 0.0412675
-0.810885 -0.480318 0.334305
-0.932096 -0.356886 0.061887
-0.985292 -0.107606 0.132743
-0.906715 -0.420044 -0.0378283
-0.211807 0.259406 -0.942256
-0.81087 -0.552647 -0.19254
-0.925256 -0.365983 0.0997847
-0.986663 -0.151864 -0.0586033
-0.913313 -0.110128 0.392086
-0.985292 -0.107606 0.132743
-0.965262 -0.252468 -0.0672998
-0.714436 -0.689466 -0.119243
-0.999494 -0.0173107 -0.0266868
-0.24411 0.161818 -0.956151
-0.984613 -0.173836 -0.0178633
-0.98628 -0.117662 0.115791
-0.991948 -0.124416 -0.0236439
-0.906715 -0.420044 -0.0378284
-0.958553 -0.269581 0.0922095
-0.981406 -0.132978 0.138414
-0.912411 -0.309355 0.267965
-0.936039 -0.238657 0.2586
0.0980567 0.395117 -0.913382
-0.237012 0.330902 -0.913416
-0.965642 -0.259734 0.00854297
-0.960264 -0.26788 0.078317
-0.975273 -0.158349 0.154169
-0.960017 -0.270368 -0.0725857
-0.984275 -0.0466431 -0.170373
-0.960017 -0.270368 -0.0725858
-0.975101 -0.103472 -0.196141
-0.933906 -0.355365 0.0391754
-0.944788 -0.302697 0.1255
-0.985116 -0.0969043 0.141972
-0.849139 -0.519228 0.0967683
-0.924966 -0.379584 -0.0188257
-0.98493 -0.15839 0.0694599
-0.961148 -0.276022 0.00261991
-0.994894 -0.0974916 -0.0260974
-0.993491 0.0244104 0.111267
-0.971364 -0.209123 0.11278
-0.964154 -0.238173 0.116962
-0.907594 -0.0444625 -0.417488
-0.963139 -0.175182 -0.204146
-0.996703 -0.0606769 0.0538591
-0.887396 -0.44881 -0.105344
-0.940796 -0.315333 -0.124371
-0.958769 -0.280394 0.0462718
-0.476463 -0.656774 0.584492
-0.917175 -0.398485 -0.000663396
-0.0503089 0.989878 -0.132702
-0.906715 -0.420044 -0.0378284
-0.997933 0.0244812 0.0594248
-0.917175 -0.398485 -0.000663396
-0.714436 -0.689466 -0.119243
-0.875484 -0.483021 0.01478
0.810927 0.457198 -0.365196
-0.995208 -0.0957143 0.019991
-0.939354 -0.314379 0.137037
-0.948944 -0.314579 -0.0233684
-0.934017 -0.330266 0.136151
-0.936266 -0.348204 0.0464795
-0.87425 -0.484167 -0.0356322
-0.963139 -0.175181 -0.204146
-0.94956 -0.252299 0.18623
-0.959988 -0.220638 0.172459
-0.252768 -0.842622 -0.475497
-0.933873 -0.281478 -0.220569
-0.942923 -0.309313 0.123373
-0.990383 -0.13835 -0.000200242
-0.963533 -0.253652 0.0852351
-0.949141 -0.305555 -0.0759415
-0.707951 -0.479959 -0.518117
-0.847356 -0.516637 0.122776
0.481299 0.819719 -0.310503
-0.0135011 0.786891 -0.616944
-0.962107 0.265469 -0.0622611
-0.997533 -0.0240203 0.0659639
-0.978077 -0.203443 0.0444662
-0.949412 -0.30441 0.0771413
-0.845244 -0.468432 0.257167
-0.965518 -0.259461 0.0213363
-0.962886 -0.265312 0.0495939
-0.859012 -0.507995 0.0635598
-0.443258 0.348915 -0.8257
-0.536649 -0.242346 -0.808255
-0.970643 0.0980887 -0.219616
-0.970286 -0.224705 -0.0897345
-0.113281 0.436075 -0.892752
-0.917175 -0.398485 -0.000663396
-0.845244 -0.468432 0.257167
-0.962886 -0.265312 0.0495939
-0.971634 -0.185922 0.14615
-0.941246 -0.337611 -0.00868093
-0.965262 -0.252468 -0.0672998
-0.918979 -0.253869 -0.30171
-0.396644 0.536754 -0.744693
-0.0350033 -0.210007 -0.977073
-0.901552 -0.430449 0.0437968
-0.845244 -0.468432 0.257167
-0.970589 -0.187649 -0.150815
-0.854907 -0.462475 0.235053
-0.866747 -0.24543 0.434182
-0.981406 -0.132978 0.138414
-0.971726 -0.229663 0.0547993
-0.987879 -0.154184 -0.0179772
-0.887882 -0.456296 0.0588129
-0.960852 -0.260784 0.0935672
-0.915807 -0.361796 -0.174358
-0.970756 -0.202519 0.128917
0.0922088 0.312186 0.945536
0.543605 0.838273 0.042333
0.970198 -0.074991 -0.230418
-0.941395 0.0654504 -0.330896
-0.150024 0.420489 -0.894808
-0.169796 0.323308 -0.930936
-0.22912 0.267301 -0.935978
0.907828 0.399144 0.128581
-0.00350655 0.0988641 0.995095
0.446559 -0.721817 -0.528739
-0.612975 -0.113494 -0.781908
0.0991324 0.28361 -0.953802
-0.237655 0.202133 -0.950085
0.0495194 0.287294 -0.956562
-0.95813 -0.230973 0.169228
-0.884032 -0.383954 0.266584
0.00767604 0.341815 -0.939736
0.0678216 0.163986 -0.984128
-0.0522719 0.301476 -0.95204
-0.858764 -0.430092 0.27847
0.021546 0.314605 -0.948978
-0.215338 0.405714 -0.888271
-0.952162 -0.140539 0.27136
-0.345645 0.245381 -0.905714
-0.294383 0.305144 -0.905663
-0.189209 0.56386 -0.803904
-0.182865 0.222246 -0.957688
-0.0446813 0.36742 -0.928981
-0.220491 0.443128 -0.86892
-0.871741 -0.487697 0.047105
-0.96079 -0.27072 0.0599406
-0.619844 -0.127772 -0.774253
-0.971947 -0.224904 0.0688271
-0.955208 -0.247134 0.162796
-0.206362 0.453835 -0.866861
-0.889023 -0.454484 -0.0555269
-0.136645 0.391257 -0.91008
-0.947237 -0.311885 -0.0739629
-0.979699 -0.197264 -0.0357445
-0.256855 0.293956 -0.92066
-0.93679 -0.348774 0.0279548
-0.955208 -0.247134 0.162796
-0.546993 0.192791 -0.814635
-0.446301 0.838405 0.312876
-0.923412 -0.301564 0.237424
-0.934506 -0.346128 -0.083028
-0.959824 -0.280581 -0.00358152
-0.983202 -0.182424 -0.00601282
-0.953545 -0.300816 0.0161561
-0.958632 -0.25741 0.121511
-0.916636 -0.336163 0.21627
-0.95171 -0.306998 0.00087293
-0.924354 -0.299121 0.236845
-0.880166 -0.170512 0.442982
-0.936363 -0.252245 0.244123
-0.921343 -0.378002 0.0907876
-0.950195 -0.300251 0.0835348
-0.960245 -0.2785 0.0191836
-0.937787 -0.261047 0.228932
-0.988818 -0.144836 -0.03553
-0.962626 -0.0673454 -0.262329
-0.922993 -0.340616 0.179067
-0.930686 -0.277073 0.238859
-0.960167 -0.278406 -0.0238818
-0.928497 -0.359253 0.0939672
-0.918653 -0.31704 0.235719
-0.960245 -0.2785 0.0191836
-0.975435 -0.220288 -0.000655025
-0.878558 -0.448872 0.163246
-0.921696 -0.33604 0.193789
-0.871552 -0.47841 0.107335
-0.964225 -0.244851 0.101577
-0.966016 -0.230642 0.116695
-0.167866 0.183418 -0.968596
-0.114555 0.311217 -0.94341
-0.0446813 0.36742 -0.928981
-0.0987873 0.466457 -0.87901
-0.180249 0.265686 -0.947059
-0.140089 0.360919 -0.922016
-0.0712363 0.257348 -0.96369
-0.182865 0.222246 -0.957688
-0.289157 0.252411 -0.923405
-0.0987873 0.466457 -0.87901
-0.306408 0.253388 -0.917556
-0.894298 -0.0841546 -0.439488
-0.0257268 0.0735021 -0.996963
-0.0816195 0.202447 -0.975886
0.381248 0.564002 -0.732496
-0.14341 0.238821 -0.960416
-0.168872 0.306288 -0.93684
-0.15331 0.400738 -0.903275
-0.0664281 0.395193 -0.916193
-0.560888 0.608223 -0.561666
-0.14341 0.238821 -0.960416
-0.179464 0.250201 -0.951416
-0.205728 0.333372 -0.920076
0.830813 0.366474 -0.418863
-0.108037 0.331061 -0.937404
0.795103 0.417352 -0.440033
-0.399251 0.77294 -0.493115
-0.0806218 0.303107 -0.94954
0.795311 -0.170788 0.581647
-0.146096 0.217763 -0.965005
-0.167367 0.177676 -0.969752
-0.148828 0.223183 -0.963348
-0.188772 0.337419 -0.922233
-0.0636236 0.325796 -0.943297
-0.165697 0.388807 -0.906297
-0.993077 0.114197 0.0275144
0.795311 -0.170788 0.581647
0.795311 -0.170788 0.581647
-0.15331 0.400738 -0.903275
-0.218466 0.34922 -0.911218
-0.151417 0.319357 -0.935459
0.147379 -0.232231 0.96143
-0.16195 0.29167 -0.942709
-0.9719 -0.18089 -0.150632
-0.135318 0.390754 -0.910494
-0.742196 -0.0740846 -0.666076
0.810927 0.457198 -0.365196
-0.993077 0.114197 0.0275144
0.795311 -0.170788 0.581647
0.0330953 0.421377 -0.906281
-0.128881 0.339345 -0.931791
-0.0350033 -0.210007 -0.977073
-0.742196 -0.0740845 -0.666076
0.52941 0.750428 -0.395706
-0.186835 0.237601 -0.953225
-0.993077 0.114197 0.0275145
-0.964225 -0.244851 0.101577
-0.95171 -0.306998 0.000872868
-0.913405 -0.394181 -0.101555
-0.855345 -0.379533 0.352619
-0.822008 -0.461391 0.333799
-0.781233 -0.604927 0.154073
-0.222369 0.296552 -0.928767
-0.217862 0.266099 -0.939003
-0.202197 0.278391 -0.938943
-0.131336 0.310393 -0.941492
-0.949898 -0.309142 -0.0460928
-0.128957 0.324137 -0.93718
-0.193796 0.396874 -0.897181
-0.17841 0.266797 -0.947095
-0.107131 0.279063 -0.954278
-0.178277 0.328882 -0.927391
-0.167289 0.314837 -0.934287
-0.154908 0.315316 -0.936258
-0.158554 0.263444 -0.951556
-0.0895891 -0.46143 -0.882642
-0.0924692 0.309874 -0.94627
-0.216566 0.319118 -0.922639
0.129794 -0.0406795 -0.990706
-0.146096 0.217763 -0.965005
-0.139893 0.32134 -0.936574
-0.0895891 -0.46143 -0.882642
0.129794 -0.0406795 -0.990706
-0.199929 0.224997 -0.953627
-0.241202 0.210119 -0.947456
-0.0401411 0.558165 -0.828758
0.717501 0.105913 -0.688458
-0.808418 -0.588047 -0.0257011
-0.933496 -0.256859 0.250218
-0.978611 -0.168631 0.117828
0.470069 0.338097 -0.815307
-0.331163 -0.306961 -0.892248
-0.0799661 0.40903 -0.90901
-0.961365 -0.236454 -0.140948
-0.340286 0.939831 0.0303907
-0.0341289 0.310841 -0.949849
-0.967835 -0.24064 0.0734017
-0.995208 -0.0957143 0.019991
-0.931664 -0.299128 0.206215
-0.969043 -0.246559 0.0128029
-0.9372 -0.345729 0.0461381
-0.920232 -0.379671 -0.0949881
-0.175008 0.444346 -0.878595
-0.930319 -0.363789 0.0465213
-0.133174 0.305913 -0.942699
-0.175008 0.444346 -0.878595
-0.273594 0.545708 -0.792054
-0.940664 -0.27762 0.195136
-0.131336 0.310393 -0.941492
-0.174428 -0.230562 -0.957296
-0.932629 -0.341708 -0.115928
-0.917934 -0.317828 0.237449
-0.971382 -0.23179 0.0518642
-0.938418 -0.3275 0.110074
-0.52056 0.307666 -0.796466
-0.0627976 0.148751 -0.986879
-0.983379 -0.0906889 -0.157293
-0.876439 -0.470784 0.10108
-0.96395 -0.256616 0.0703436
-0.979419 -0.0571011 0.193591
0.0910824 0.473601 -0.876017
-0.781233 -0.604927 0.154073
-0.597179 0.452826 -0.662062
-0.926478 -0.368838 -0.0748172
-0.489008 -0.833939 -0.255767
-0.954035 -0.120823 0.274262
-0.985124 -0.140393 0.0991008
-0.0646954 0.35205 -0.933743
-0.969184 -0.0767364 0.234079
-0.220491 0.443128 -0.86892
-0.771084 -0.604244 -0.200794
-0.0037461 -0.664121 -0.747616
0.768496 0.410425 0.490882
0.768496 0.410425 0.490882
0.768496 0.410425 0.490882
0.768496 0.410425 0.490882
0.768497 0.410426 0.490879
0.768497 0.410426 0.490879
-0.331163 -0.306961 -0.892248
-0.968081 -0.23447 -0.0885557
-0.928875 -0.350451 0.119901
-0.175008 0.444346 -0.878595
-0.933061 -0.350638 0.0803158
-0.916555 -0.395043 0.0621937
-0.970351 -0.230578 0.0724791
-0.948447 -0.316905 -0.00440219
-0.967855 -0.240582 -0.073325
-0.948948 -0.303619 0.0855167
-0.965706 -0.245646 0.0840848
-0.985021 -0.169405 0.0321851
-0.162665 0.186016 -0.968988
-0.984387 -0.148769 -0.0940769
-0.990623 -0.0823141 0.109045
-0.971688 -0.222664 -0.0790137
-0.597179 0.452825 -0.662062
-0.954035 -0.120823 0.274262
-0.931929 -0.328524 0.153562
-0.25158 0.543077 -0.801109
-0.927725 -0.314248 0.201431
-0.974265 -0.0819307 0.209987
-0.942411 -0.177685 0.283356
-0.940764 -0.324029 0.0998418
-0.925113 -0.166918 0.341036
-0.729158 -0.651392 -0.209801
-0.991568 -0.121314 -0.0455535
-0.904743 -0.35639 0.233296
-0.916894 -0.32518 0.231438
-0.983702 -0.0950638 0.152623
-0.98675 -0.104085 0.124458
-0.952124 -0.17352 0.251697
-0.955057 0.0212975 0.295655
-0.991568 -0.121314 -0.0455535
-0.729158 -0.651392 -0.209801
-0.992648 -0.100147 0.0679779
-0.908521 0.0207357 -0.417324
-0.986589 -0.0468494 0.156359
-0.98595 -0.126969 0.108542
-0.965564 -0.236712 0.10795
